0
-3000
4000
-53653
-991
62808
1171
-93438
-34794
-91259
-373
97913
37134
73359
994
-99586
-36700
-39827
-8482
-98091
-41641
-55990
-185
98194
61900
75409
4872
92807
29237
79107
355
-99691
-39855
-92298
-16195
-98129
-33508
-14546
-3969
-99285
-60550
-61078
-16842
-58205
-5804
-78415
-180
99768
54466
92459
22902
83145
31036
35758
3581
93692
91133
49680
17592
86057
73714
1864
13
-99697
-94849
-91634
-16205
-96037
-42305
-20296
-14518
-98399
-76168
-82714
-27147
-95883
-13056
-37291
-3841
-99290
-19819
-86297
-28933
-78185
-20015
-58718
-100
-71704
-56191
-60477
-3278
-96959
-12029
-15412
-151
99926
85091
92609
566
97293
53016
96469
9873
95448
42778
31973
11040
97579
13600
93999
3038
98452
8404
98629
87198
69859
25174
73193
10126
98755
83065
93967
46547
89492
1477
56773
9
-99991
-54736
-99451
-27335
-92055
-8719
-92607
-7486
-98054
-39143
-99125
-26372
-80671
-7023
-72446
-4126
-98762
-65884
-79399
-8119
-90648
-32575
-63605
-10767
-96321
-61311
-87412
-3105
-95949
-18224
-14935
-1361
-99641
-53293
-44339
-11652
-99712
-5552
-86722
-6080
-91278
-13365
-68369
-2423
-91526
-35916
-64828
-79
-81267
-10884
-67094
-53788
-82403
-54157
-17010
-1795
-99652
-57644
-25758
-2677
-43574
-8111
-73976
-136
99927
97867
93925
21009
99641
78327
32695
49
98962
62891
60438
14572
99601
60120
92292
5489
96559
37273
91928
16602
81091
1471
68190
10534
98959
79828
44601
9352
96459
7617
22771
169
98525
88377
65660
3908
99283
61302
90152
10347
77298
12107
69427
804
78408
30188
27837
6413
99890
31269
94378
65060
94537
36221
55417
581
96749
82334
61032
1166
58121
49860
18882
7
-99997
-8005
-56527
-5081
-99682
-40052
-91948
-2878
-97252
-25125
-46684
-7670
-95099
-85601
-52611
-3721
-98620
-4880
-72164
-10295
-99799
-90150
-69982
-22874
-95432
-35030
-48106
-3628
-74477
-4639
-39571
-1851
-99398
-70539
-66021
-52628
-80129
-85
-74682
-526
-95582
-54614
-38128
-6192
-70233
-28851
-37906
-2425
-97169
-20173
-94286
-31247
-89433
-20542
-63736
-61
-97457
-17230
-19270
-15374
-98901
-856
-89969
-901
-99742
-96294
-61584
-7686
-68454
-13744
-81205
-8304
-99758
-31160
-93336
-2327
-90056
-24964
-71358
-1375
-92397
-4435
-48508
-11540
-80436
-47951
-54269
-1506
-97946
-85429
-86929
-25952
-86640
-45066
-13380
-77
-86694
-22708
-26990
-3264
-86076
-272
-95305
-32177
-90401
-34269
-62186
-37604
-38670
-389
-24218
-986
-99920
-6865
-61594
-26183
-76393
-12847
-72633
-1705
-52834
-5848
-12650
-7229
-74480
-73018
-13080
-13
99957
23106
99475
58424
94793
31978
51075
11956
99886
15972
94796
67598
76597
8459
80067
47
99571
10145
79665
10112
67392
8981
54467
7228
99744
69354
87600
53585
96260
60291
67629
529
99653
62816
46746
27242
92537
52384
88269
4247
99097
40271
3180
1427
96580
38347
81014
6450
99365
76523
89141
59188
66722
7131
16172
6295
97984
8628
47022
3443
38184
20438
10557
79
99012
30819
90490
76063
93243
46467
4779
2603
99343
48516
66516
411
99751
343
15624
9554
83346
46877
73620
11563
73122
10047
28653
364
87396
31209
37669
2151
55545
19560
18355
521
99893
8164
94939
17921
99105
82163
67822
20466
99207
41665
96522
21416
74298
36796
24906
233
98032
38353
97756
71553
70094
321
92131
855
66295
932
78214
43164
31825
1017
57356
2
-99998
-42868
-18918
-6659
-79382
-49715
-13225
-2330
-99786
-83777
-64249
-19541
-97682
-52988
-72183
-450
-99616
-36817
-64023
-10103
-67785
-43208
-7944
-7587
-95906
-64596
-85896
-65489
-56200
-51863
-87661
-2008
-98996
-34336
-67377
-2619
-95889
-27471
-64574
-7000
-99917
-61447
-96212
-64944
-95963
-21502
-37565
-13127
-96158
-29514
-50084
-6218
-79558
-25084
-7778
-3014
-92604
-7981
-41228
-551
-41608
-6394
-75689
-562
-99911
-85888
-94076
-59435
-95047
-60437
-57116
-27466
-99755
-73153
-86148
-84
-92204
-58398
-78787
-62
-98447
-14911
-71114
-4861
-79308
-23307
-78076
-2696
-87656
-2921
-50838
-15473
-42986
-32917
-93562
-1364
-98634
-73832
-71455
-9053
-96557
-65859
-93816
-8974
-97294
-24329
-62982
-5534
-79854
-14759
-42179
-57
-99137
-10593
-39724
-6995
-52730
-7735
-29325
-4860
-99471
-13918
-81576
-181
-98113
-81996
-18210
-678
-99864
-10800
-98066
-40785
-87753
-48994
-91430
-217
-77566
-6317
-51334
-7895
-94001
-20405
-76573
-4423
-99990
-87270
-88962
-26746
-96747
-3637
-19400
-407
-99878
-66503
-40599
-21635
-77367
-28437
-63018
-790
-93883
-58109
-63735
-1474
-95012
-41306
-12389
-3965
-92527
-74373
-53298
-39904
-57506
-6489
-2613
-545
-99291
-46859
-87528
-53510
-95886
-40103
-74318
-23092
-97742
-13663
-54721
-1610
-28075
-2628
-56383
-72
-96349
-86617
-78089
-13660
-59659
-24123
-3951
-1674
-95812
-77502
-53531
-37
-97557
-88246
-81383
-3056
-97774
-31848
-60150
-3980
-96602
-55476
-87841
-6777
-92320
-14095
-39634
-147
-24902
-8472
-60084
-822
-99934
-97857
-86501
-4924
-76564
-18995
-69674
-376
-83168
-14540
-94980
-3268
-72641
-22995
-64441
-1037
-88537
-3225
-77405
-3200
-96202
-6274
-12742
-1688
-94932
-47184
-93219
-45143
-99611
-9650
-14621
-1
99995
16711
99491
15242
99533
74992
84915
38797
96223
33415
56992
6593
60274
20203
44155
8029
99940
83407
66452
2841
97720
38059
86560
14813
93499
66583
38528
6527
98405
13453
81480
17
99669
87010
11826
8532
90053
3821
18916
1549
85410
37017
57171
3434
91255
14350
85502
4684
99816
79573
75995
64636
95519
36941
67876
5804
99546
2977
66573
10694
92482
47076
45368
452
99920
90599
93772
25107
78259
25404
72855
22070
93019
76287
78884
25710
92719
4333
43731
2817
99247
86390
57991
229
49970
1165
10596
612
97638
30450
87372
21481
96169
62182
31215
3822
99749
50935
87219
68649
98570
27511
90177
49888
70681
43793
40432
1982
93901
2061
28122
78
98404
66493
11878
3669
55406
6214
8220
3187
51036
29972
69386
7374
18295
4894
26243
65
99268
50617
80635
10614
92020
81315
97176
6634
95016
13203
94130
29026
33643
3022
64482
1047
99997
34884
97172
4627
95209
32645
50046
347
99762
42673
90313
288
32261
15612
79662
778
90872
5938
83593
6578
93717
60580
17941
11307
89549
47592
97444
5303
54429
7700
66694
236
92815
83534
97654
29421
46516
1780
26569
1786
72529
24490
73918
7481
71649
18197
32901
326
99924
20954
15447
7536
94969
91896
67496
3782
99604
63095
86094
42573
86011
21350
69258
16033
99774
90660
49908
1068
98460
68541
82968
14465
80093
28784
96984
22281
35256
22979
38085
11
98245
76326
73328
480
99177
48059
73806
50453
91675
16565
