0
-3000
4000
-34875
-90
16643
1242
-72444
-20759
-11055
-89
95506
7046
20567
787
-97753
-54462
-28135
-6585
-35971
-9790
-31781
-29
99120
81221
42683
2378
99257
17419
83063
127
-98446
-23211
-80193
-39678
-55235
-14285
-95327
-5472
-73600
-17062
-58673
-2709
-97558
-4187
-95435
-26
99358
68622
82993
74023
85496
12203
18814
2035
99524
16002
37260
6068
94862
5140
8208
111
-99099
-82605
-53520
-769
-86908
-63390
-82811
-22370
-74730
-47733
-15957
-5337
-97305
-90746
-98569
-4668
-81631
-9385
-27003
-8140
-73607
-1104
-31558
-750
-97751
-51066
-25939
-806
-99242
-21334
-37439
-5
99870
72373
90067
41186
90241
60204
